9 10
-0.8107399597452895 0.42311095827562745 0.17126827936902214 -0.015494326016955962 -0.5801401284067781 0.32459162261077695 -0.2044313336605328 -0.0458641147715525 0.21043178910599938 0.22980485134023002  
0.07291649619715272 0.325918724689131 0.5928524273532363 -0.13108582021437723 -0.04542348273553181 -0.12223623975089497 -0.26026303328053674 -0.21958433385413426 0.7612877840195406 0.3286945754214254  
-0.4578145515989836 -0.25588439963151766 -0.5171099933114996 0.6730505378690101 0.2086898404797615 0.47530928007300693 -0.16251076207999168 -0.15263784742342437 0.059554861818574674 -0.37162487609308964  
0.5896396180584438 1.054469566714049 1.1042152185448277 0.9247822624407972 0.8769030905005911 1.24340310999146 0.7068228504619443 1.0862658258987246 0.74771200055172 0.8473709823514425  
1.3801890394556782 1.2089776302103885 1.658789364104999 0.6268194704541993 0.830909259211584 1.4111532061263066 1.25046318307237 1.0071768752746018 0.9102506699231916 0.4745459631406659  
0.8934696573243545 1.3797355629771613 0.6101192987316079 1.3289092736484112 0.615595548190829 0.9434725226414821 1.0507961039786993 1.632708358082602 0.7774636468800438 1.2938406408014547  
2.028462615908399 1.7408818571999607 1.9718169646102293 1.5912168668467979 1.6533453105907423 2.1196053773780865 2.30330701265628 1.3919036082867127 1.7363947559792168 1.3765815573656124  
2.5459743293887187 1.8869191424965541 2.4194293316738507 2.074727439080774 2.014102891128381 2.838863609170956 1.7763999832281956 2.203627714413512 2.2011732752735402 1.4403108433098766  
1.8223999904505426 2.2241895697937655 1.7079527199737814 1.8384860556150915 2.004967563153409 2.169139404996722 1.872811542789112 2.166459355645598 1.6137895735517824 1.4906998460906642  
